NAME	= demproj
DESCRIPTION	= 
UNIT	= 
DATAFORMAT	= FLOAT
DATAFILE_OFFSET	= 0
BYTEORDER_BIG	= FALSE
TOPTOBOTTOM	= FALSE
POSITION_XMIN	= 343388.6934000000
POSITION_YMIN	= 1259062.1947999999
CELLCOUNT_X	= 3162
CELLCOUNT_Y	= 2379
CELLSIZE	= 90.0000000000
Z_FACTOR	= 1.000000
Z_OFFSET	= 0.000000
NODATA_VALUE	= -340282306073709652508363335590014353408.000000
