NAME	= Calculation
DESCRIPTION	= 
UNIT	= 
DATAFORMAT	= FLOAT
DATAFILE_OFFSET	= 0
BYTEORDER_BIG	= FALSE
TOPTOBOTTOM	= FALSE
POSITION_XMIN	= 343383.5394000000
POSITION_YMIN	= 1259062.1037000001
CELLCOUNT_X	= 3163
CELLCOUNT_Y	= 2380
CELLSIZE	= 90.0000000000
Z_FACTOR	= 1.000000
Z_OFFSET	= 0.000000
NODATA_VALUE	= -99999.000000
